$ 1 0.000005 382.76258214399064 66 5 43 5e-11
a -32 96 48 96 8 10 -11 1000000 0.32753869270152336 0 100000
a 208 112 288 112 8 10 -11 1000000 -8.771133836939306 -8.77119887373378 100000
r -32 48 48 48 0 100000
r 128 96 208 96 0 100000
r -32 176 48 176 0 100000
r 208 64 352 64 0 68000
a 208 272 288 272 8 10 -11 1000000 -0.007990631265361878 -0.008057458241627525 100000
r 48 256 160 256 0 100000
r 208 224 352 224 0 68000
w 208 256 160 256 0
w 208 256 208 224 0
g 96 288 80 288 0 0
w 48 48 48 96 0
w -32 48 -32 80 0
g -32 112 -32 128 0 0
w 208 64 208 96 0
w 352 112 352 64 0
d 208 368 208 288 2 default
r 160 288 96 288 0 47000
174 416 176 432 208 1 100000 0.47030000000000005 Shape
d 352 112 416 112 2 default
d 416 272 352 272 2 default
r 176 128 112 128 0 47000
g 112 128 96 128 0 0
d 176 128 176 224 2 default
w 176 224 176 368 0
w 176 128 208 128 0
w 160 288 208 288 0
w 176 368 208 368 0
w 352 272 352 224 0
r 480 192 480 272 0 47000
g 480 272 480 288 0 0
a 544 208 624 208 8 10 -11 1000000 0.00006882409256086926 0 100000
g 544 224 544 256 0 0
c 544 144 624 144 0 2.2e-7 7.382478080179488 0.001
w 544 144 544 192 0
w 624 208 624 144 0
a 624 368 544 368 9 10 -11 1000000 0 -9.020443300578052 100000
r 624 320 544 320 0 100000
r 624 208 624 320 0 82000
g 624 416 624 432 0 0
w 624 384 624 416 0
w 624 320 624 352 0
w 544 320 544 368 0
174 -224 112 -192 48 1 100000 0.9851000000000001 Rate
R -224 48 -224 0 0 0 40 12 0 0 0.5
g -224 208 -224 240 0 0
r -224 112 -224 208 0 100
r 480 192 544 192 0 3300
w -192 80 -160 80 0
g -32 272 -32 304 0 0
w -32 208 -32 240 0
r -32 208 48 208 0 100000
a -32 256 48 256 8 10 -11 1000000 -0.49999137734957344 0 100000
w 48 208 48 256 0
w 48 96 48 176 0
w -32 176 -32 208 0
w 48 96 128 96 0
r -160 80 -80 80 0 100000
d 288 112 352 112 2 default
d 352 272 288 272 2 default
r 416 272 416 208 0 1
r 416 176 416 112 0 1
w 432 192 480 192 0
r -128 128 -80 128 0 100000
w -80 80 -80 128 0
w -80 80 -32 80 0
R -128 144 -160 144 0 4 1 5 5 0 0.5
r 208 368 544 368 0 10000
j 560 0 560 32 32 -4 0.00125
j 608 0 608 32 32 -4 0.00125
w 576 32 592 32 0
r 592 32 592 80 0 1000000
g 592 80 592 96 0 0
w 560 0 608 0 0
w 608 0 672 0 0
r 672 64 672 128 0 47000
R 672 128 672 176 0 0 40 -12 0 0 0.5
w 544 32 544 144 0
w 624 32 624 144 0
r 672 0 672 64 0 220
r 736 64 672 64 0 47000
s 736 64 800 64 0 1 true
R 800 64 800 32 0 0 40 9 0 0 0.5
d 560 0 512 0 2 default
g 512 0 512 32 0 0
d 736 320 624 320 2 default
r 736 64 736 320 0 56000
o 36 64 0 12554 9.03606325225786 0.0001 0 2 36 3
